2023-05-10 05:14:52.362101
PPL: 64.83887956809997
BLEU: 4.346865693755155
